!!!!!!!!!!!!!!!!!!!!!!!!!!![[(0.0, 0.0, 0.0)]]
start: [[(0.0, -2.314582450388498e-17, 0.18900000000000003)], [(0.0, -4.9475730685553065e-17, 0.40399999999999997)]]
end:[[(0.062, -2.314582450388498e-17, 0.18900000000000003)], [(0.062, -4.9475730685553065e-17, 0.40399999999999997)]]
