cube1: [0.08009410214694447, 0.008549360908938654, 0.2713328055240896, 0.0011047062879834472, -0.024490971763336897, -0.3503805468841664, 9.397652626037598, 9.384766578674316, 10.825948715209961]
cube2: [-0.109888951885144, 0.04568021275126079, 44.83517099126383, 0.002895939503076857, 0.0016797940010697832, 0.008577526862728935, 10.5877046585083, 10.52096939086914, 9.35838794708252]
cube3: [-0.03178057819624669, 0.024430485253712914, 0.146225911870113, -0.3425399401161241, -0.03836292434210124, -0.005681745756374866, 13.0, 4.874565124511719, 4.927339553833008]
cube4: [0.005512437828294051, 0.20078285262074688, -0.061100990891075846, -0.0062811064325652395, 0.02523367656624579, -0.009832508236327578, 4.9757161140441895, 13.0, 4.952663898468018]
cube5: [0.05661503550107749, 0.48671926422980755, -0.07341472768249209, 0.004592398579514644, -0.01042353751912149, -3.5632197294300023, 4.986370086669922, 4.922656059265137, 8.29663372039795]
Tree: ((((cube1 * cube2 ) - cube3) - cube4) - cube5)