!!!!!!!!!!!!!!!!!!!!!!!!!!![[(-0.09500000000000003, -0.15500000000000003, 0.0), (-0.15500000000000003, -0.15500000000000003, 0.0), (0.15500000000000003, -0.15500000000000003, 0.0), (0.15500000000000003, -0.09500000000000003, 0.0), (0.09500000000000003, -0.09500000000000003, 0.0), (0.09500000000000003, -0.15500000000000003, 0.0), (0.15500000000000003, 0.15500000000000003, 0.0), (0.09500000000000003, 0.15500000000000003, 0.0), (0.09500000000000003, 0.09500000000000003, 0.0), (0.15500000000000003, 0.09500000000000003, 0.0), (-0.15500000000000003, 0.15500000000000003, 0.0), (-0.15500000000000003, 0.09500000000000003, 0.0), (-0.09500000000000003, 0.09500000000000003, 0.0), (-0.09500000000000003, 0.15500000000000003, 0.0), (-0.15500000000000003, -0.09500000000000003, 0.0), (-0.09500000000000003, -0.09500000000000003, 0.0)]]
start: [[(0.15500000000000003, 0.09500000000000003, 0.0), (0.09500000000000003, 0.09500000000000003, 0.0), (0.09500000000000003, 0.15500000000000003, 0.0), (0.15500000000000003, 0.15500000000000003, 0.0)], [(-0.15500000000000003, -0.09500000000000003, 0.0), (-0.15500000000000003, -0.15500000000000003, 0.0), (-0.09500000000000003, -0.15500000000000003, 0.0), (-0.09500000000000003, -0.09500000000000003, 0.0)], [(-0.09500000000000003, 0.09500000000000003, 0.0), (-0.15500000000000003, 0.09500000000000003, 0.0), (-0.15500000000000003, 0.15500000000000003, 0.0), (-0.09500000000000003, 0.15500000000000003, 0.0)], [(0.09500000000000003, -0.09500000000000003, 0.0), (0.15500000000000003, -0.09500000000000003, 0.0), (0.15500000000000003, -0.15500000000000003, 0.0), (0.09500000000000003, -0.15500000000000003, 0.0)]]
end:[[(0.15500000000000003, 0.15500000000000003, -0.35000000000000003), (0.09500000000000003, 0.15500000000000003, -0.35000000000000003), (0.09500000000000003, 0.09500000000000003, -0.35000000000000003), (0.15500000000000003, 0.09500000000000003, -0.35000000000000003)], [(-0.09500000000000003, 0.09500000000000003, -0.35000000000000003), (-0.15500000000000003, 0.09500000000000003, -0.35000000000000003), (-0.15500000000000003, 0.15500000000000003, -0.35000000000000003), (-0.09500000000000003, 0.15500000000000003, -0.35000000000000003)], [(-0.15500000000000003, -0.15500000000000003, -0.35000000000000003), (-0.09500000000000003, -0.15500000000000003, -0.35000000000000003), (-0.09500000000000003, -0.09500000000000003, -0.35000000000000003), (-0.15500000000000003, -0.09500000000000003, -0.35000000000000003)], [(0.09500000000000003, -0.09500000000000003, -0.35000000000000003), (0.09500000000000003, -0.15500000000000003, -0.35000000000000003), (0.15500000000000003, -0.15500000000000003, -0.35000000000000003), (0.15500000000000003, -0.09500000000000003, -0.35000000000000003)]]
