x1=0.15500000000000003
y1=0.09500000000000003
x2=0.09500000000000003
y2=0.09500000000000003
x3=0.09500000000000003
y3=0.15500000000000003
x4=0.15500000000000003
y4=0.15500000000000003
x5=-0.15500000000000003
y5=-0.09500000000000003
x6=-0.15500000000000003
y6=-0.15500000000000003
x7=-0.09500000000000003
y7=-0.15500000000000003
x8=-0.09500000000000003
y8=-0.09500000000000003
x9=-0.09500000000000003
y9=0.09500000000000003
x10=-0.15500000000000003
y10=0.09500000000000003
x11=-0.15500000000000003
y11=0.15500000000000003
x12=-0.09500000000000003
y12=0.15500000000000003
x13=0.09500000000000003
y13=-0.09500000000000003
x14=0.15500000000000003
y14=-0.09500000000000003
x15=0.15500000000000003
y15=-0.15500000000000003
x16=0.09500000000000003
y16=-0.15500000000000003
h=-0.70000000000000006
