!!!!!!!!!!!!!!!!!!!!!!!!!!![[(15.0, 1.2000000000000002, 0.0), (0.0, 1.2000000000000002, 0.0), (0.0, 0.0, 0.0), (0.0, 15.0, 0.0), (1.2000000000000002, 15.0, 0.0), (1.2000000000000002, 0.0, 0.0), (15.0, 0.0, 0.0)]]
start: [[(0.0, 0.0, -60.0), (15.0, 0.0, -60.0), (15.0, 1.1999999999999993, -60.0), (1.2000000000000002, 1.1999999999999993, -60.0), (1.2000000000000002, 15.0, -60.0), (0.0, 15.0, -60.0)]]
end:[[(0.0, 15.0, 60.0), (1.2000000000000002, 15.0, 60.0), (1.2000000000000002, 1.1999999999999993, 60.0), (15.0, 1.1999999999999993, 60.0), (15.0, 0.0, 60.0), (0.0, 0.0, 60.0)]]
