x1 = 0.0
y1 = 0.0
x2 = 1.5
y2 = 0.0
x3 = 1.5
y3 = 0.11999999999999993
x4 = 0.12000000000000002
y4 = 0.11999999999999993
x5 = 0.12000000000000002
y5 = 1.50
x6 = 0.0
y6 = 1.50
x7 = 1.5
y7 = 1.5