x1 = 0.0
y1 = 0.0
x2 = 15.0
y2 = 0.0
x3 = 15.0
y3 = 1.1999999999999993
x4 = 1.2000000000000002
y4 = 1.1999999999999993
x5 = 1.2000000000000002
y5 = 15.0
x6 = 0.0
y6 = 15.0
x7 = 15
y7 = 15