!!!!!!!!!!!!!!!!!!!!!!!!!!![[(0.0, 0.0, 0.0), (61.0, 14.0, 0.0)], [(61.8, 13.5381197846483, 0.0), (61.0, 13.076239569296602, 0.0), (60.2, 13.538119784648302, 0.0), (60.2, 14.4618802153517, 0.0), (61.0, 14.923760430703398, 0.0), (61.8, 14.461880215351698, 0.0)]]
start: [[(60.4, 14.0, 0.0)]]
start: [[(61.0, 13.076239569296602, 5.15), (61.8, 13.5381197846483, 5.15), (61.8, 14.461880215351698, 5.15), (61.0, 14.923760430703398, 5.15), (60.2, 14.4618802153517, 5.15), (60.2, 13.538119784648302, 5.15)], [(60.4, 14.0, 5.15)]]
end:[[(60.4, 14.0, 5.15)]]
end:[[(61.0, 13.076239569296602, 5.75), (60.2, 13.538119784648302, 5.75), (60.2, 14.4618802153517, 5.75), (61.0, 14.923760430703398, 5.75), (61.8, 14.461880215351698, 5.75), (61.8, 13.5381197846483, 5.75)]]
