!!!!!!!!!!!!!!!!!!!!!!!!!!![[(0.0, 5.0, 0.0), (7.499999999999999, 5.0, 0.0), (7.499999999999999, 0.0, 0.0), (0.0, 0.0, 0.0)], [(2.999999999999999, 0.0, 0.0), (2.999999999999999, 5.0, 0.0), (4.499999999999999, 5.0, 0.0), (4.499999999999999, 0.0, 0.0)]]
start: [[(7.499999999999999, 5.0, 0.0), (7.499999999999999, 0.0, 0.0), (0.0, 0.0, 0.0), (0.0, 5.0, 0.0)]]
start: []
end:[[(7.499999999999999, 5.0, 1.0), (0.0, 5.0, 1.0), (0.0, 0.0, 1.0), (7.499999999999999, 0.0, 1.0)]]
end:[[(4.499999999999999, 0.0, 6.0), (2.999999999999999, 0.0, 6.0), (2.999999999999999, 5.0, 6.0), (4.499999999999999, 5.0, 6.0)]]
