x1=7.499999999999999
y1=5.0
x2=7.499999999999999
y2=0.0
x3=0.0
y3=0.0
x4=0.0
y4=5.0
x5=4.499999999999999
y5=0.0
x6=2.999999999999999
y6=0.0
x7=2.999999999999999
y7=5.0
x8=4.499999999999999
y8=5.0
h1=1.0
h2=6.0