polyline1: [-5.156200162124634, 3.810000121593475, -5.156200162124634, 4.201106496051318, -4.749800154018402, 4.201106496051318, -4.749800154018402, 3.810000121593475, 0, 0, 0, 30, -5, 0, 7*s1, 7*s1, 7*s1, h]
polyline2: [-5.080000162124634, 3.510000121593475, -5.080000162124634, 4.124906496051318, -4.826000154018402, 4.124906496051318, -4.826000154018402, 3.510000121593475, 0, 0, 0, 30+t, -5, 0, 7*s2, 7*s2, 7*s2, h+1]

Tree: (polyline1 - polyline2)