polyline1: [1.77, 1.27, 17.009999999999998, 1.27, 17.009999999999998, 13.969999809265142, 1.77, 13.969999999999999, 0, 0, 0, 0, 0, 0, s1, s1, s1, h1]
polyline2: [6.850000000000001, 1.17, 11.929999999999998, 1.169999999999998, 11.929999999999998, 10.16, 6.85, 10.16, 0, 0, 0, 0, 0, 0.6, s2, s2, s2, h2]

Tree: (polyline1 - polyline2)