!!!!!!!!!!!!!!!!!!!!!!!!!!![[(-16.5, -5.6443375672974065, 0.0), (-16.749999999999996, -5.500000000000002, 0.0), (-16.749999999999996, -5.788675134594811, 0.0), (-17.0, -5.644337567297406, 0.0), (-17.0, -5.355662432702596, 0.0), (-16.749999999999996, -5.2113248654051825, 0.0), (-16.5, -5.355662432702597, 0.0)]]
start: [[(-16.899999999999995, 0.0, 5.500000000000002)], [(-16.749999999999996, 0.0, 5.788675134594811), (-17.0, 0.0, 5.644337567297406), (-17.0, 0.0, 5.355662432702596), (-16.749999999999996, 0.0, 5.2113248654051825), (-16.5, 0.0, 5.355662432702597), (-16.5, 0.0, 5.6443375672974065)]]
end:[[(-16.899999999999995, 0.30000000000000004, 5.500000000000002)], [(-16.749999999999996, 0.30000000000000004, 5.788675134594811), (-16.5, 0.30000000000000004, 5.6443375672974065), (-16.5, 0.30000000000000004, 5.355662432702597), (-16.749999999999996, 0.30000000000000004, 5.2113248654051825), (-17.0, 0.30000000000000004, 5.355662432702596), (-17.0, 0.30000000000000004, 5.644337567297406)]]
!!!!!!!!!!!!!!!!!!!!!!!!!!![[(-16.5, -5.6443375672974065, 0.0), (-16.749999999999996, -5.500000000000002, 0.0), (-16.749999999999996, -5.788675134594811, 0.0), (-17.0, -5.644337567297406, 0.0), (-17.0, -5.355662432702596, 0.0), (-16.749999999999996, -5.2113248654051825, 0.0), (-16.5, -5.355662432702597, 0.0)]]
start: [[(-16.899999999999995, 0.0, 5.500000000000002)], [(-16.749999999999996, 0.0, 5.788675134594811), (-17.0, 0.0, 5.644337567297406), (-17.0, 0.0, 5.355662432702596), (-16.749999999999996, 0.0, 5.2113248654051825), (-16.5, 0.0, 5.355662432702597), (-16.5, 0.0, 5.6443375672974065)]]
end:[[(-16.899999999999995, 0.30000000000000004, 5.500000000000002)], [(-16.749999999999996, 0.30000000000000004, 5.788675134594811), (-16.5, 0.30000000000000004, 5.6443375672974065), (-16.5, 0.30000000000000004, 5.355662432702597), (-16.749999999999996, 0.30000000000000004, 5.2113248654051825), (-17.0, 0.30000000000000004, 5.355662432702596), (-17.0, 0.30000000000000004, 5.644337567297406)]]
