xs=-0.75
ys = 0.5
x1 = -0.749999999999996
y1 = 0.788675134594811
x2 = -1.0
y2 = 0.644337567297406
x3 = -1.0
y3 =  0.355662432702596
x4 = -0.749999999999996
y4 = 0.2113248654051825
x5 = -0.5
y5 = 0.355662432702597
x6 = -0.5
y6 = 0.6443375672974065
h=3
r=0.3
s=2