xs=-16.8999
ys = 5.5
x1 = -16.749999999999996
y1 = 5.788675134594811
x2 = -17.0
y2 = 5.644337567297406
x3 = -17.0
y3 =  5.355662432702596
x4 = -16.749999999999996
y4 = 5.2113248654051825
x5 = -16.5
y5 = 5.355662432702597
x6 = -16.5
y6 = 5.6443375672974065