!!!!!!!!!!!!!!!!!!!!!!!!!!![[(1.905, -5.08, 0.0), (10.795, -5.08, 0.0), (10.795, -23.494999999999997, 0.0), (1.905, -23.494999999999997, 0.0)], [(12.7, -25.4, 0.0), (12.7, 0.0, 0.0), (0.0, 0.0, 0.0), (0.0, -25.4, 0.0)]]
start: [[(10.795, -1.27, 5.08), (10.795, -1.27, 23.494999999999997), (1.905, -1.27, 23.494999999999997), (1.9049999999999994, -1.27, 5.08)], [(12.7, -1.27, 25.4), (12.7, -1.27, 0.0), (0.0, -1.27, 0.0), (0.0, -1.27, 25.4)]]
end:[[(1.9049999999999994, 1.27, 5.08), (10.795, 1.27, 5.08), (10.795, 1.27, 23.494999999999997), (1.905, 1.27, 23.494999999999997)], [(0.0, 1.27, 25.4), (0.0, 1.27, 0.0), (12.7, 1.27, 0.0), (12.7, 1.27, 25.4)]]
