x1=10.795
y1=5.08
x2=10.795
y2=23.494999999999997
x3=1.905
y3=23.494999999999997
x4=1.9049999999999994
y4=5.08
x5=12.7
y5=25.4
x6=12.7
y6=0.0
x7=0.0
y7=0.0
x8=0.0
y8=25.4
h=5.08