polyline1: [0.5, -1.064368e-09, 0.49605735079064, 0.062666615726177, 0.484291580829013, 0.124344942551498, 0.464888243335946, 0.184062275352715, 0.438153340534695, 0.240876836118145, 0.404508497813094, 0.293892625285145, 0.364484314439316, 0.342273552188454, 0.318711995694454, 0.385256620709441, 0.267913398388174, 0.422163962180691, 0.212889646745605, 0.452413525779824, 0.154508498199747, 0.475528257818669, 0.093690658338377, 0.491143625164902, 0.031395260826924, 0.499013364147304, -0.031395258702389, 0.499013364280968, -0.093690656247348, 0.491143625563787, -0.1545084961752, 0.475528258476484, -0.212889644819468, 0.452413526686195, -0.267913396590823, 0.422163963321324, -0.318711994054235, 0.385256622066348, -0.364484312982096, 0.342273553740235, -0.404508496561854, 0.293892627007328, -0.438153339509169, 0.24087683798357, -0.464888242552306, 0.184062277331963, -0.484291580299618, 0.124344944613356, -0.496057350523838, 0.062666617838127, -0.5, 1.064368e-09, -0.50000000745058, -3.500000052154065, -0.496368461994603, -3.662220640210119, -0.485481101142106, -3.82411620125278, -0.467359738934033, -3.985362359481045, -0.442040683539328, -4.145636040244827, -0.409574664507469, -4.304616117361029, -0.370026731126166, -4.461984056525647, -0.323476122087856, -4.617424553532745, -0.270016106726158, -4.770626166021573, -0.209753798140361, -4.921281937486065, -0.142809938582398, -5.069090012296391, -0.06931865753628, -5.213754240500363, 0.010572797025272, -5.354984771192882, 0.096704353668549, -5.492498633264517, 0.188903438219818, -5.626020302365672, 0.286985319536913, -5.755282252950328, 0.390753479638665, -5.880025494293289, 0.500000007450581, -6.000000089406967, 0, 0, 0, 0, 0, 0, 3*s, 3*s, 3*s, h]
polyline2: [-0.25, 0.0, -0.246201938253052, 0.043412044416733, -0.234923155196477, 0.085505035831417, -0.21650635094611, 0.125, -0.191511110779745, 0.160696902421635, -0.160696902421635, 0.191511110779744, -0.125, 0.216506350946109, -0.085505035831417, 0.234923155196477, -0.043412044416733, 0.246201938253052, -0.0, 0.25, 0.043412044416732, 0.246201938253052, 0.085505035831417, 0.234923155196477, 0.125, 0.21650635094611, 0.160696902421635, 0.191511110779745, 0.191511110779744, 0.160696902421635, 0.21650635094611, 0.125, 0.234923155196477, 0.085505035831417, 0.246201938253052, 0.043412044416733, 0.25, 0.0, 0.246201938253052, -0.043412044416732, 0.234923155196477, -0.085505035831417, 0.21650635094611, -0.125, 0.191511110779745, -0.160696902421635, 0.160696902421635, -0.191511110779744, 0.125, -0.21650635094611, 0.085505035831417, -0.234923155196477, 0.043412044416733, -0.246201938253052, 0.0, -0.25, -0.043412044416732, -0.246201938253052, -0.085505035831417, -0.234923155196477, -0.125, -0.21650635094611, -0.160696902421635, -0.191511110779745, -0.191511110779744, -0.160696902421635, -0.216506350946109, -0.125, -0.234923155196477, -0.085505035831418, -0.246201938253052, -0.043412044416733, -0.25, -1e-15, 0, 0, 0, 0, 0, 0, 3*s2, 3*s2, 3*s2, h+1]

Tree: (polyline1 - polyline2)