!!!!!!!!!!!!!!!!!!!!!!!!!!![[(0.0, 0.0, 0.0), (0.0, 0.4, 0.0), (0.30000000447034836, 0.4, 0.0), (0.5124657174651404, 0.34673368756254774, 0.0), (2.1818302128030993, 0.3733668437812739, 0.0), (3.0, 0.2233547645784455, 0.0), (3.0, 0.0, 0.0)]]
start: [[(3.0, 0.0, 0.0), (3.0, 0.2233547645784455, 0.0), (2.1818302128030993, 0.3733668437812739, 0.0), (0.5124657174651404, 0.34673368756254774, 0.0), (0.30000000447034836, 0.4, 0.0), (0.0, 0.4, 0.0), (0.0, 0.0, 0.0)]]
end:[[(3.0, 0.0, 0.45), (3.0, 0.2233547645784455, 0.45), (2.1818302128030993, 0.3733668437812739, 0.45), (0.5124657174651404, 0.34673368756254774, 0.45), (0.30000000447034836, 0.4, 0.45), (0.0, 0.4, 0.45), (0.0, 0.0, 0.45)]]
