x1 = 3.0
y1 = 0.0
x2 = 3.0
y2 = 0.2233547645784455
x3 = 2.1818302128030993
y3 = 0.3733668437812739
x4 = 0.5124657174651404
y4 = 0.34673368756254774
x5 = 0.30000000447034836
y5 = 0.4
x6 = 0.0
y6 = 0.4
x7 = 0.0
y7 = 0.0