ŁŁŁŁŁŁŁŁŁŁŁŁŁŁŁŁŁŁŁŁŁŁŁŁŁŁŁŁŁŁŁ[[(0.0, 0.0, 0.0), (-1.394000467683259e-17, -0.2399999999874699, 0.0), (0.24999999999999997, -0.23999999998747013, 0.0), (0.2649999999965391, -0.2899999999749694, 0.0), (0.4549999999965391, -0.28999999997289233, 0.0), (0.4700000000000004, -0.2399999999874699, 0.0), (0.8200000000000005, -0.2399999999874699, 0.0), (0.8349999999951412, -0.2899999999703084, 0.0), (1.0249999999951411, -0.2899999999687594, 0.0), (1.0400000000000003, -0.23999999998746996, 0.0), (1.2900000000000003, -0.23999999998747015, 0.0), (1.2900000000000005, 2.8779199779962774e-17, 0.0), (0.8200000000000003, 1.3611894408751505e-16, 0.0), (0.8200000000000004, -0.21999999999999997, 0.0), (0.47000000000000036, -0.22000000000000003, 0.0), (0.47, 0.0, 0.0), (0.35, -0.1299999999874699, 0.0), (0.9400000000000005, -0.12999999998747014, 0.0)]]
start: [[(0.25, 0.0, 0.1299999999874699)], [(0.8400000000000005, 0.0, 0.12999999998747014)], [(0.24999999999999997, 0.0, 0.23999999998747013), (0.2649999999965391, 0.0, 0.2899999999749694), (0.4549999999965391, 0.0, 0.28999999997289233), (0.4700000000000004, 0.0, 0.2399999999874699), (0.8200000000000005, 0.0, 0.2399999999874699), (0.8349999999951412, 0.0, 0.2899999999703084), (1.0249999999951411, 0.0, 0.2899999999687594), (1.0400000000000003, 0.0, 0.23999999998746996), (1.2900000000000003, 0.0, 0.23999999998747015), (1.2900000000000005, 0.0, -2.8779199779962786e-17), (0.8200000000000003, 0.0, -1.3877787807814457e-16), (0.8200000000000004, 0.0, 0.21999999999999997), (0.47000000000000036, 0.0, 0.22000000000000003), (0.47, 0.0, 0.0), (0.0, 0.0, 0.0), (-1.394000467683259e-17, 0.0, 0.2399999999874699)]]
end:[[(0.25, 0.58, 0.1299999999874699)], [(0.8400000000000005, 0.58, 0.12999999998747014)], [(0.0, 0.58, 0.2399999999874699), (0.0, 0.58, 0.0), (0.47, 0.58, 0.0), (0.47000000000000036, 0.58, 0.22000000000000003), (0.8200000000000004, 0.58, 0.21999999999999997), (0.8200000000000003, 0.58, -1.3877787807814457e-16), (1.2900000000000005, 0.58, -2.7755575615628914e-17), (1.2900000000000003, 0.58, 0.23999999998747015), (1.0400000000000003, 0.58, 0.23999999998746996), (1.0249999999951411, 0.58, 0.2899999999687594), (0.8349999999951412, 0.58, 0.2899999999703084), (0.8200000000000005, 0.58, 0.2399999999874699), (0.4700000000000004, 0.58, 0.2399999999874699), (0.4549999999965391, 0.58, 0.28999999997289233), (0.2649999999965391, 0.58, 0.2899999999749694), (0.24999999999999997, 0.58, 0.23999999998747013)]]
