polyline1: [0.24999999999999997, 0.23999999998747013, 0.2649999999965391,  0.2899999999749694, 0.4549999999965391,  0.28999999997289233, 0.4700000000000004,  0.2399999999874699, 0.8200000000000005,  0.2399999999874699, 0.8349999999951412,  0.2899999999703084, 1.0249999999951411,  0.2899999999687594, 1.0400000000000003,  0.23999999998746996, 1.2900000000000003,  0.23999999998747015, 1.2900000000000005, -2.8779199779962786e-17, 0.8200000000000003, -1.3877787807814457e-16, 0.47, 0.0, 0.0, 0.0, -1.394000467683259e-17, 0.2399999999874699, 90,0,0, 5,5,5, 10,10,10, 1 ]
polyline2: [0.8200000000000004, 0.0, 0.47000000000000036,  0., 0.47, 0.2399, 0.82, 0.2399, 90,0,0, 5,5,5-0.5, 10,10,10.1, 1 ]
cylinder1: [90,0,0, 0.25*10+5+1.2,0+5,0.1299999999874699*10+5,  10*s1,10*s1,10.5, 0.15,0.15]
cylinder2: [90,0,0, 0.25*10+5+6.8,0+5,0.1299999999874699*10+5,  10*s2,10*s2,10.5, 0.15,0.15]
Tree: (((polyline1 - cylinder1) - cylinder2) - polyline2)