!!!!!!!!!!!!!!!!!!!!!!!!!!![[(-4.5, 5.5, 0.0), (4.5, 5.5, 0.0), (4.5, -5.5, 0.0), (0.0, 0.0, 0.0), (-4.5, -5.5, 0.0)]]
start: [[(-4.5, 5.5, 0.0), (4.5, 5.5, 0.0), (4.5, -5.5, 0.0), (-4.5, -5.5, 0.0)]]
start: []
end:[[(4.5, 5.5, 4.0), (-4.5, 5.5, 4.0), (-4.5, -5.5, 4.0), (4.5, -5.5, 4.0)]]
end:[[(-2.1213203435596424, -2.5978681687064796e-16, 8.0)], [(-3.2350733161684975, -3.961822181652764e-16, 8.0)]]
