!!!!!!!!!!!!!!!!!!!!!!!!!!![[(4.4, 3.17318196181321, 0.0), (4.399999999999999, 8.37318196181321, 0.0), (2.199999999999998, 8.37318196181321, 0.0), (2.2000000000000006, 3.1731819618132113, 0.0), (2.2000000000000015, 1.5731819618132101, 0.0), (-7.400000000000002, 3.1731819618132056, 0.0), (-7.400000000000004, 8.373181961813206, 0.0), (-8.400000000000004, 8.373181961813206, 0.0), (-10.0, 5.1731819618132135, 0.0), (-10.0, 1.5731819618132135, 0.0), (4.4, 1.5731819618132097, 0.0)]]
start: [[(-10.0, 1.5731819618132135, 0.0), (-10.0, 5.1731819618132135, 0.0), (-8.400000000000004, 8.373181961813206, 0.0), (-7.400000000000004, 8.373181961813206, 0.0), (-7.400000000000002, 3.1731819618132056, 0.0), (2.2000000000000006, 3.1731819618132113, 0.0), (2.199999999999998, 8.37318196181321, 0.0), (4.399999999999999, 8.37318196181321, 0.0), (4.4, 1.5731819618132097, 0.0)]]
end:[[(-10.0, 1.5731819618132135, 6.4), (-10.0, 5.1731819618132135, 6.4), (-8.400000000000004, 8.373181961813206, 6.4), (-7.400000000000004, 8.373181961813206, 6.4), (-7.400000000000002, 3.1731819618132056, 6.4), (2.200000000000001, 3.1731819618132113, 6.4), (2.1999999999999975, 8.37318196181321, 6.4), (4.399999999999999, 8.37318196181321, 6.4), (4.4, 1.5731819618132097, 6.4)]]
