x1 = -10.0
y1 = 1.5731819618132135
x2 = -10.0
y2 = 5.1731819618132135
x3 = -8.400000000000004
y3 = 8.373181961813206
x4= -7.400000000000004
y4 = 8.373181961813206
x5 = -7.400000000000002
y5 = 3.1731819618132056
x6=2.2000000000000006
y6=3.1731819618132113
x7=2.199999999999998
y7=8.37318196181321
x8=4.399999999999999
y8= 8.37318196181321
x9 = 4.4
y9 =1.5731819618132097