!!!!!!!!!!!!!!!!!!!!!!!!!!![[(0.0, 0.0, 0.0), (4.0, 0.0, 0.0), (5.0, -1.7320508075688779, 0.0), (-0.9999999999999987, -1.7320508075688779, 0.0)]]
start: [[(-0.9999999999999987, 0.0, 1.7320508075688779), (0.0, 0.0, 0.0), (4.0, 0.0, 0.0), (5.0, 0.0, 1.7320508075688779)]]
end:[[(-0.9999999999999987, 2.0, 1.7320508075688779), (5.0, 2.0, 1.7320508075688779), (3.9999999999999996, 2.0, 0.0), (0.0, 2.0, 0.0)]]
