polyline1: [2.200000032782555, 1.30000001937151, 2.200000032782555, 2.200000032782555, 0.300000004470348, 2.200000032782555, 0.300000004470348, 1.30000001937151, 0, 0, 0, 0, 0, 1, 5*s, 5*s, 5*s, h1]
polyline2: [2.100000000000001, 1.0, 2.152210476888021, 1.003422055450476, 2.203527618041009, 1.013629669484372, 2.253073372946036, 1.030448186995485, 2.3, 1.053589838486224, 2.343504571603489, 1.082658663883506, 2.382842712474619, 1.117157287525381, 2.417341336116494, 1.156495428396511, 2.446410161513776, 1.2, 2.469551813004515, 1.246926627053964, 2.486370330515627, 1.296472381958991, 2.496577944549524, 1.347789523111979, 2.5, 1.4, 2.5, 2.100000000000001, 2.496577944549524, 2.152210476888021, 2.486370330515627, 2.203527618041009, 2.469551813004515, 2.253073372946036, 2.446410161513776, 2.3, 2.417341336116495, 2.343504571603488, 2.382842712474619, 2.382842712474619, 2.343504571603489, 2.417341336116494, 2.3, 2.446410161513776, 2.253073372946036, 2.469551813004515, 2.203527618041009, 2.486370330515628, 2.152210476888021, 2.496577944549524, 2.100000000000001, 2.5, 0.4, 2.5, 0.347789523111979, 2.496577944549525, 0.296472381958992, 2.486370330515628, 0.246926627053964, 2.469551813004515, 0.2, 2.446410161513776, 0.156495428396511, 2.417341336116494, 0.117157287525381, 2.382842712474619, 0.082658663883506, 2.343504571603488, 0.053589838486224, 2.3, 0.030448186995485, 2.253073372946036, 0.013629669484372, 2.203527618041008, 0.003422055450476, 2.152210476888021, -0.0, 2.1, -0.0, 1.4, 0.003422055450476, 1.347789523111979, 0.013629669484373, 1.296472381958991, 0.030448186995485, 1.246926627053964, 0.053589838486224, 1.2, 0.082658663883506, 1.156495428396512, 0.117157287525381, 1.117157287525381, 0.156495428396511, 1.082658663883506, 0.2, 1.053589838486224, 0.246926627053964, 1.030448186995485, 0.296472381958991, 1.013629669484372, 0.347789523111979, 1.003422055450476, 0.4, 1.0, 0, 0, 0, 0, 0, 0, 5*s, 5*s, 5*s, h2]

Tree: (polyline1 + polyline2)