!!!!!!!!!!!!!!!!!!!!!!!!!!![[(3.7499999999999973, -2.165063509461101, 0.0), (3.749999999999999, 2.1650635094610964, 0.0), (2.403703357979454e-16, 4.3301270189221945, 0.0), (-3.7500000000000013, 2.165063509461097, 0.0), (-3.7500000000000027, -2.165063509461096, 0.0), (-2.2648549702353188e-15, -4.3301270189221945, 0.0)]]
start: [[(-2.2648549702353188e-15, -4.3301270189221945, 0.0), (-3.7500000000000027, -2.165063509461096, 0.0), (-3.7500000000000013, 2.165063509461097, 0.0), (2.403703357979454e-16, 4.3301270189221945, 0.0), (3.749999999999999, 2.1650635094610964, 0.0), (3.7499999999999973, -2.165063509461101, 0.0)]]
end:[[(-2.2648549702353188e-15, -4.3301270189221945, 0.30000000000000004), (3.7499999999999973, -2.165063509461101, 0.30000000000000004), (3.749999999999999, 2.1650635094610964, 0.30000000000000004), (2.4037033579794537e-16, 4.3301270189221945, 0.30000000000000004), (-3.7500000000000013, 2.1650635094610973, 0.30000000000000004), (-3.7500000000000027, -2.165063509461096, 0.30000000000000004)]]
