x1=-2.2648549702353188e-15
y1=-4.3301270189221945
x2=-3.7500000000000027
y2=-2.165063509461096
x3=-3.7500000000000013
y3=2.165063509461097
x4=2.403703357979454e-16
y4=4.3301270189221945
x5=3.749999999999999
y5=2.1650635094610964
x6=3.7499999999999973
y6=-2.165063509461101
h=0.30000000000000004