x1 = -3.599999999999882
y1 = -4.80000000000018
d = -10.0
r1 = 10
r2 = 12