polyline1: [4.000000059604645, 3.0000000447034836, -2.500000037252903, 3.0000000447034836 , -2.500000037252903, 1.0000000149011612 , 0.5000000074505806, 1.0000000149011612 , 0.5000000074505806, 0.0 , 4.000000059604645, 0.0, 0,0,0, 0,0,0, 5,5,5, 2.2 ]
polyline2: [3.500000052154064, 0.30000000447034836 , 3.500000052154064, 2.2000000327825546 , -2.0000000298023224, 2.2000000327825546 , -2.0000000298023224, 1.30000000447034836, -2.0000000298023224, 0.80000000447034836,-2.0000000298023224, 0.30000000447034836, 0,0,0, 0,0,2.6, 5,5,5, 1.2 ]
Tree: (polyline1 )